beta_1: 0.899999976158
epsilon: 1e-08
beta_2: 0.999000012875
lr: 0.0010000000475
name: Adam
